0.0 0.0 0.0 0.0 0.0 0.0 0.0 0.0 0.0 0.0 0.0 0.0 0.0 0.0
0.0 0.0 0.0 0.0 0.0 0.0 0.0 0.0 0.0 0.0 0.0 0.0 0.0 0.0
0.0 0.0 0.11340332 0.103759766 0.0 0.0 0.0 0.0 0.0 0.0 0.0 0.0 0.0 0.0
0.0 0.0 0.103881836 0.15478516 0.0 0.014770508 0.0 0.0 0.0 0.0 0.0 0.0 0.0 0.0
0.0 0.0 0.008270264 0.0072631836 0.103027344 0.09539795 0.13464355 0.14868164 0.20812988 0.24023438 0.0 0.16027832 0.0 0.0
0.0 0.0 0.0 0.0 0.0 0.0 0.0 0.0 0.0 0.0 0.0 0.19616699 0.0 0.0
0.0 0.0 0.0 0.0 0.0 0.0 0.004180908 0.056396484 0.00881958 0.0 0.15234375 0.028930664 0.0 0.0
0.0 0.0 0.0 0.0 0.0 0.0 0.08483887 0.056243896 0.0 0.15759277 0.09234619 0.0 0.0 0.0
0.0 0.0 0.0 0.0 0.0 0.013702393 0.10461426 0.009185791 0.0 0.12438965 0.0077209473 0.0 0.0 0.0
0.0 0.0 0.0 0.0 0.0 0.1328125 0.09033203 0.0 0.19787598 0.11437988 0.0 0.0 0.0 0.0
0.0 0.0 0.0 0.0 0.07513428 0.12854004 0.020721436 0.0 0.13427734 0.0 0.0 0.0 0.0 0.0
0.0 0.0 0.0 0.0 0.070739746 0.06842041 0.0 0.05569458 0.0071411133 0.0 0.0 0.0 0.0 0.0
0.0 0.0 0.0 0.0 0.015136719 0.0 0.07324219 0.15893555 0.023284912 0.0 0.0 0.0 0.0 0.0
0.0 0.0 0.0 0.0 0.0 0.0 0.046691895 0.021148682 0.006652832 0.0 0.0 0.0 0.0 0.0
