0.8
-0.8
0.5
-0.2
0.3
0.1
0.4
0.2
-0.2
0.1
-0.3
0.2
0.2
-0.07
0.3
0.2
-0.01
-0.2
0.2
0.2
-0.3
0.09
0.05
-0.07
0.1
-0.2
0.1
0.1
-0.07
0.01
0.3
0.03
-0.03
0.3
0.07
0.2
0.2
-0.2
0.2
-0.2
-0.3
0.1
-0.01
-0.4
-0.2
-0.03
-0.6
-0.01
0.4
-0.04
0.3
0.2
0.3
-0.7
-0.2
-0.3
0.1
-0.6
-0.003
-0.3
-0.03
-0.1
-0.2
-0.4
0.04
-0.4
0.3
-0.5
0.3
0.7
0.5
0.4
-0.2
-0.1
0.07
0.09
-0.3
-0.03
-0.03
0.4
0.4
0.2
-0.004
-0.7
-0.06
0.2
0.3
0.04
0.2
0.2
0.3
-0.2
-0.2
-0.6
-0.1
0.01
-0.2
0.3
-0.2
0.1
-0.2
-0.09
0.06
-0.3
-0.2
0.02
0.2
-0.2
-0.3
-0.4
-0.1
0.4
-0.4
-0.3
-0.4
0.009
0.06
-0.03
0.05
0.4
