  0   0   0   0   0   0   0   0   0   0   0   0   0   0   0   0   0   0   0   0   0   0   0   0   0   0   0   0
  0   0   0   0   0   0   0   0   0   0   0   0   0   0   0   0   0   0   0   0   0   0   0   0   0   0   0   0
  0   0   0   0   0   0   0   0   0   0   0   0   0   0   0   0   0   0   0   0   0   0   0   0   0   0   0   0
  0   0   0   0   0   0   0   0   0   0   0   0   0   0   0   0   0   0   0   0   0   0   0   0   0   0   0   0
  0   0   0   0   0   0   0   0   0   0   0   0   0   0   0   0   0   0   0   0   0   0   0   0   0   0   0   0
  0   0   0   0 0.06 0.1 0.1 0.09 -0.07 -0.1 -0.1 -0.09 -0.05 -0.02   0   0   0   0   0   0   0   0   0   0   0   0   0   0
  0   0   0   0 0.1 0.05 0.2 -0.06 -0.1 -0.1 -0.08 -0.03 -0.06 -0.03 -0.03 -0.03 -0.03 -0.03 -0.05 -0.1 -0.1 -0.2 -0.1 -0.02   0   0   0   0
  0   0   0   0 -0.1 0.04 -0.04 -0.2 -0.09 -0.02 0.01 -0.07 -0.08 -0.1 -0.1 -0.2 -0.2 -0.2 -0.2 -0.1 -0.2 -0.2 -0.1 -0.03   0   0   0   0
  0   0   0   0 -0.07 0.008 0.007 -0.1 0.01 0.1 0.1 0.04 0.008 -0.03 -0.02 -0.06 -0.08 0.05 0.03 0.09 -0.08 -0.2 -0.07 0.04   0   0   0   0
  0   0   0   0 -0.09 -0.1 -0.2 -0.2 -0.07 -0.006 -0.02 0.09 0.05 0.1 0.1 0.09 0.2 0.1 0.2 0.2 -0.1 -0.1 0.2 0.1   0   0   0   0
  0   0   0   0 -0.09 -0.2 -0.1 -0.3 -0.3 -0.3 -0.3 -0.3 -0.3 -0.2 -0.2 -0.2 -0.06 -0.2 -0.06 -0.2 -0.4 -0.1 0.2 0.1   0   0   0   0
  0   0   0   0 -0.02 -0.08 -0.05 -0.04 -0.2 -0.2 -0.2 -0.2 -0.3 -0.3 -0.3 -0.2 -0.3 -0.2 -0.3 -0.5 -0.5 -0.01 0.06 0.02   0   0   0   0
  0   0   0   0   0   0   0   0   0 -0.005 -0.03 -0.04 0.004 -0.09 -0.01 0.02 -0.04 -0.1 -0.4 -0.5 -0.2 0.1 0.03 -0.03   0   0   0   0
  0   0   0   0   0   0   0   0   0   0   0   0   0   0 0.06 0.006 0.009 -0.2 -0.5 -0.3 0.2 0.06 -0.03 -0.007   0   0   0   0
  0   0   0   0   0   0   0   0   0   0   0   0   0 0.006 0.06 0.003 -0.05 -0.3 -0.5 -0.08 0.09 0.03 -0.003   0   0   0   0   0
  0   0   0   0   0   0   0   0   0   0   0   0   0 0.08 0.001 0.0009 -0.2 -0.5 -0.4 0.2 0.05 -0.07 -0.02   0   0   0   0   0
  0   0   0   0   0   0   0   0   0   0   0   0 0.05 0.08 -0.02 -0.1 -0.4 -0.5 -0.08 0.09 0.008 -0.02   0   0   0   0   0   0
  0   0   0   0   0   0   0   0   0   0   0 0.01 0.1 0.003 0.009 -0.3 -0.5 -0.3 0.1 0.04 -0.04 -0.002   0   0   0   0   0   0
  0   0   0   0   0   0   0   0   0   0 0.002 0.1 -0.003 0.09 -0.2 -0.5 -0.4 -0.0009 0.1 0.009 -0.02   0   0   0   0   0   0   0
  0   0   0   0   0   0   0   0   0   0 0.03 0.04 0.05 -0.06 -0.4 -0.5 -0.2 0.2 0.02 -0.03   0   0   0   0   0   0   0   0
  0   0   0   0   0   0   0   0   0 0.02 0.1 -0.02 0.02 -0.2 -0.6 -0.3 0.1 0.06 -0.003 -0.02   0   0   0   0   0   0   0   0
  0   0   0   0   0   0   0   0   0 0.08 0.02 0.05 -0.09 -0.5 -0.4 -0.03 0.1 -0.02 -0.04   0   0   0   0   0   0   0   0   0
  0   0   0   0   0   0   0   0 0.04 0.07 0.04 0.03 -0.4 -0.5 -0.4 0.06 0.007 -0.05 -0.01   0   0   0   0   0   0   0   0   0
  0   0   0   0   0   0   0   0 0.05 0.01 0.07 -0.1 -0.5 -0.4 -0.1 0.03 -0.04 -0.03   0   0   0   0   0   0   0   0   0   0
  0   0   0   0   0   0   0   0 0.006 0.02 -0.01 -0.4 -0.3 -0.3 -0.05 0.2 0.02 -0.0004   0   0   0   0   0   0   0   0   0   0
  0   0   0   0   0   0   0   0 -0.1 -0.2 -0.2 -0.3 -0.2 0.07 0.1 0.1 0.02   0   0   0   0   0   0   0   0   0   0   0
  0   0   0   0   0   0   0   0 -0.06 -0.1 -0.2 -0.2 -0.1 0.05 -0.02 0.02 0.007   0   0   0   0   0   0   0   0   0   0   0
  0   0   0   0   0   0   0   0 -0.07 -0.2 -0.2 -0.2 -0.2 0.02 -0.04 -0.1 -0.02   0   0   0   0   0   0   0   0   0   0   0
